        1058
        1014
        1081
        1069
        1031
        1089
        1094
        1022
        1078
        1075
        1037
        1085
        1094
        1175
        1107
        1051
        1060
        1067
        1078
        1092
        1054
        1056
        1097
        1126
        1103
        1070
        1115
        1021
        1076
        1077
        1099
        1118
        1105
        1141
        1064
        1020
        1087
        1032
        1059
        1096
        1101
        1094
        1067
        1080
        1056
        1081
        1023
        1084
        1088
        1121
        1062
        1094
         984
        1048
        1080
        1037
        1041
        1043
        1082
        1032
        1087
        1083
        1053
        1098
        1046
        1060
        1073
        1047
        1097
        1065
        1066
        1126
        1067
        1058
        1064
        1066
        1043
        1054
        1059
        1074
        1104
        1027
        1068
        1082
        1027
        1062
        1075
        1101
        1079
        1036
        1108
        1044
        1073
        1066
        1058
        1071
        1067
        1051
        1115
        1155
        1068
        1089
        1040
        1119
        1063
        1038
        1076
        1030
        1081
        1090
        1081
        1108
        1088
        1112
        1080
        1112
        1124
        1116
        1014
        1137
        1060
        1045
        1062
        1074
        1066
        1113
        1028
        1090
        1032
        1092
        1062
        1090
        1028
        1060
        1087
        1117
        1089
        1038
        1082
        1054
         968
        1021
        1128
        1050
        1086
        1078
        1103
        1132
        1079
        1046
        1075
        1130
        1072
        1121
        1037
        1072
        1017
        1107
        1085
        1035
        1158
        1049
        1101
        1035
        1072
        1025
        1025
        1074
        1095
        1091
        1071
        1113
        1118
        1025
        1104
        1079
        1042
        1088
        1095
        1040
        1097
        1074
        1079
        1099
        1079
        1030
        1082
        1023
        1029
        1078
        1107
        1013
        1062
        1045
        1054
        1103
        1034
         998
        1129
        1045
        1062
        1119
        1095
        1100
        1108
        1079
        1035
        1083
        1033
        1078
        1126
        1072
        1036
        1100
        1086
        1044
        1102
        1070
        1096
        1074
        1065
        1080
        1098
        1092
        1076
        1049
        1068
        1074
        1015
        1080
        1072
        1098
        1063
        1028
        1019
        1045
        1152
        1020
        1083
        1077
        1091
        1076
        1086
        1048
        1176
        1092
        1049
        1046
        1091
        1091
        1076
        1036
        1065
        1098
        1083
        1176
        1033
        1061
        1069
        1082
        1083
        1033
        1064
         996
        1035
        1076
        1044
        1067
        1095
        1065
        1038
        1078
        1084
        1055
        1049
        1110
        1098
        1057
        1132
        1046
        1085
        1095
        1049
        1106
        1056
        1066
        1116
        1026
        1076
        1084
        1061
        1032
        1104
        1043
        1068
        1047
        1035
        1095
        1057
        1092
        1066
        1076
        1054
        1124
        1177
        1034
        1014
        1016
        1029
        1046
        1060
        1065
        1082
        1069
        1042
        1055
        1055
        1156
        1076
        1090
        1189
        1106
        1117
        1101
        1086
        1070
        1130
        1108
        1001
        1037
        1109
        1056
        1054
        1117
        1048
        1023
        1052
        1011
        1033
        1073
        1042
        1066
        1063
        1043
        1055
        1073
        1060
        1088
        1136
        1065
        1069
        1033
        1088
        1122
        1108
        1124
        1081
        1121
        1095
        1111
        1041
        1090
        1121
        1053
        1101
        1017
        1026
        1097
        1051
        1150
        1022
        1075
        1103
        1062
        1147
        1036
        1069
        1059
        1054
        1057
        1060
        1076
        1074
        1043
        1150
        1103
        1054
        1101
        1137
        1138
        1026
        1060
        1062
         999
        1095
        1079
        1076
        1056
        1046
        1095
        1146
        1084
        1108
        1024
        1092
        1065
        1023
        1023
        1079
        1119
        1072
        1050
        1090
        1061
        1091
        1113
        1092
        1056
        1055
        1017
        1040
        1103
        1127
        1024
        1053
        1050
        1084
        1107
        1072
        1006
        1161
        1083
        1032
        1107
        1053
        1033
        1056
        1025
        1116
        1067
        1018
        1085
        1077
        1078
        1044
        1037
        1047
        1075
        1054
        1099
        1020
        1085
        1053
        1054
        1059
        1083
        1065
        1073
        1086
        1075
        1041
        1112
        1056
        1072
        1006
        1070
        1086
        1076
        1151
        1078
        1074
        1058
        1105
        1064
        1020
        1084
        1022
        1110
        1025
        1042
        1070
        1084
        1065
        1090
        1043
        1093
        1081
        1083
        1022
        1049
        1076
        1061
         996
        1063
        1096
        1083
        1062
        1054
        1085
        1069
        1121
        1084
        1096
        1082
        1087
        1102
        1100
        1107
        1115
        1052
        1084
        1002
        1085
        1148
        1007
         999
        1061
        1129
        1161
        1090
        1087
        1092
        1018
        1058
        1037
        1092
        1142
        1085
        1087
        1029
        1069
        1063
        1037
        1053
        1062
        1047
        1057
        1071
        1070
        1042
        1073
        1053
        1108
        1088
        1040
        1047
        1003
        1036
        1028
        1062
        1059
        1069
        1058
        1111
        1197
        1059
        1037
        1055
        1041
        1069
        1050
        1057
        1104
        1076
        1090
        1071
        1038
        1059
        1110
        1077
        1061
        1064
        1058
        1067
        1111
        1098
        1102
        1096
        1074
        1040
        1083
        1098
        1111
        1045
        1086
        1024
        1092
        1136
        1120
        1107
        1085
        1033
        1044
        1047
        1112
        1074
        1090
        1081
        1035
        1079
        1047
        1088
        1064
        1087
        1062
        1107
        1085
        1102
        1103
        1066
        1094
        1084
        1101
        1049
         980
        1079
        1093
        1126
        1101
        1071
        1089
        1057
        1044
        1083
        1044
        1031
        1045
        1077
        1104
        1101
        1028
        1108
        1045
        1045
        1097
        1076
        1141
        1018
        1055
        1067
        1070
        1051
        1075
        1049
        1093
        1098
        1011
        1016
        1064
        1039
        1154
        1049
        1089
        1049
        1047
        1024
        1126
        1111
        1060
        1122
        1030
        1101
        1103
        1035
        1044
        1092
        1008
        1148
        1104
        1026
        1091
        1053
        1078
        1058
        1122
        1093
        1062
        1035
        1083
        1121
        1063
        1067
        1093
        1034
        1125
        1033
        1094
        1089
        1091
        1105
        1085
        1076
        1010
        1059
        1098
        1100
        1012
        1081
        1032
        1024
        1033
        1083
        1079
        1117
        1059
        1062
        1068
        1093
        1093
        1093
        1102
        1088
        1082
        1100
        1156
        1077
        1056
        1104
        1076
        1058
        1006
        1085
        1063
        1041
        1058
        1038
        1057
        1049
        1069
        1052
        1111
        1076
        1104
        1094
        1100
        1061
        1062
        1058
        1103
        1028
        1061
        1097
        1092
        1101
        1028
        1108
         993
        1029
        1113
        1068
        1124
        1077
        1110
        1063
        1052
        1095
        1064
        1066
        1083
        1096
        1059
        1071
        1042
        1035
        1026
        1088
        1039
        1063
        1090
        1046
        1082
        1069
        1088
        1098
        1113
        1080
        1088
        1083
        1073
        1096
        1141
        1085
        1093
        1125
        1059
        1109
        1060
        1036
        1107
        1053
        1037
        1047
        1094
        1068
        1096
        1062
        1061
        1055
        1088
        1071
        1042
        1064
        1065
        1113
        1083
        1066
        1075
        1020
        1103
        1055
        1076
        1051
        1101
        1063
        1073
         998
        1078
        1072
        1035
        1109
        1053
        1077
        1116
        1083
        1064
        1074
        1077
        1047
        1053
        1041
        1050
        1112
        1070
        1028
        1108
        1090
        1095
        1056
        1045
        1102
        1038
        1112
        1083
        1099
        1071
        1055
        1086
        1087
        1101
        1101
        1068
        1114
        1061
        1078
        1066
        1086
        1113
        1065
        1075
        1052
        1072
        1122
        1127
        1103
        1098
        1032
        1041
        1165
        1091
        1065
        1105
        1014
        1082
        1086
        1085
        1086
        1059
        1065
        1093
        1044
        1047
        1086
        1020
        1069
        1102
        1070
        1098
        1093
        1058
        1072
        1053
        1100
        1046
        1093
        1089
        1075
        1034
        1072
        1074
        1018
        1160
        1087
        1052
        1092
        1051
        1134
        1081
        1078
        1044
        1107
        1068
        1047
        1056
        1103
        1080
        1166
        1027
        1075
        1061
        1011
        1080
        1088
        1038
        1101
        1016
        1122
        1071
        1045
        1075
        1087
        1057
        1067
        1065
        1031
        1103
        1086
        1074
        1069
        1072
        1038
        1050
        1043
        1052
        1076
        1052
        1037
        1107
        1102
        1057
        1076
        1054
        1119
        1060
         992
        1085
        1077
        1114
        1012
        1054
        1051
        1101
        1138
        1114
        1086
        1133
        1070
        1040
        1054
        1004
        1090
        1073
        1080
        1052
        1040
        1063
        1039
        1081
        1052
        1116
        1076
        1050
        1053
        1117
        1096
        1009
        1083
        1030
        1116
        1021
        1078
        1035
        1108
        1024
        1031
        1118
        1109
        1044
        1073
        1041
        1028
